	76543210
	22222222
M-------01001101
>> 7:	01001101
1	 0100110
2	  010011
3	   01001
4	    0100
5	     010
6	      01
7	       0
& 1
	00000000
	00000001
	00000000 = 0

>> 6:	01001101
1	 0100110
2	  010011
3	   01001
4	    0100
5	     010
6	      01
& 1
	00000001
	00000001
	00000001 = 1

>> 5:	01001101
1	 0100110
2	  010011
3	   01001
4	    0100
5	     010
& 1
	00000010
	00000001
	00000000 = 0

>> 4:	01001101
1	 0100110
2	  010011
3	   01001
4	    0100
& 1
	00000100
	00000001
	00000000 = 0

>> 3:	01001101
1	 0100110
2	  010011
3	   01001
& 1
	00001001
	00000001
	00000001 = 1

>> 2:	01001101
1	 0100110
2	  010011
& 1
	00010011
	00000001
	00000001 = 1

>> 1:	01001101
1	 0100110
& 1
	00100110
	00000001
	00000000 = 0

>> 0:	01001101
& 1
	01001101
	00000001
	00000001 = 1
